ball		-2.5 -1.5  4.0  1.5  7.5
ball		 2.5 -1.5  4.0  1.5  7.5
ball		 0.0  0.0  4.0  1.5  7.5
ball		-2.5  1.5  4.0  1.5  7.5
ball		 2.5  1.5  4.0  1.5  7.5
ball		-1.4 -1.4  7.3  1.0  5.0
ball		 1.4 -1.4  7.3  1.0  5.0
ball		 1.0  0.0  7.3  1.0  5.0
ball		-1.4  1.4  7.3  1.0  5.0
ball		 1.4  1.4  7.3  1.0  5.0
ball		-0.3 -1.3  6.0  1.2  6.0
ball		 0.3 -1.3  6.0  1.2  6.0
ball		 0.0  0.0  6.0  1.2  6.0
ball		-0.3  1.3  6.0  1.2  6.0
ball		 0.3  1.3  6.0  1.2  6.0
floor_plane	 0.0  0.0  0.0  4.0  0.0
north_plane	 0.0  4.0  0.0  4.0  0.0
south_plane	 0.0 -4.0  0.0  4.0  0.0
left_plane	-4.0  0.0  0.0  4.0  0.0
right_plane	 4.0  0.0  0.0  4.0  0.0