ball		1 -2.5 -1.5 4.0 1.5 false 0.0 0.0 0.0 0.0
ball		1  2.5 -1.5 4.0 1.5 false 0.0 0.0 0.0 0.0
ball		1  0.0  0.0 4.0 1.5 false 0.0 0.0 0.0 0.0
ball		1 -2.5  1.5 4.0 1.5 false 0.0 0.0 0.0 0.0
ball		1  2.5  1.5 4.0 1.5 false 0.0 0.0 0.0 0.0

ball		1 -1.4 -1.4 7.3 1.0 false 0.0 0.0 0.0 0.0
ball		1  1.4 -1.4 7.3 1.0 false 0.0 0.0 0.0 0.0
ball		1  1.0  0.0 7.3 1.0 false 0.0 0.0 0.0 0.0
ball		1 -1.4  1.4 7.3 1.0 false 0.0 0.0 0.0 0.0
ball		1  1.4  1.4 7.3 1.0 false 0.0 0.0 0.0 0.0

ball		1 -0.3 -1.3 6.0 1.2 false 0.0 0.0 0.0 0.0
ball		1  0.3 -1.3 6.0 1.2 false 0.0 0.0 0.0 0.0
ball		1  0.0  0.0 6.0 1.2 false 0.0 0.0 0.0 0.0
ball		1 -0.3  1.3 6.0 1.2 false 0.0 0.0 0.0 0.0
ball		1  0.3  1.3 6.0 1.2 false 0.0 0.0 0.0 0.0

floor_plane	1 0.0 0.0 0.0 4.0 false 0.0 0.0 0.0 0.0
north_plane	1 0.0 4.0 0.0 4.0 false 0.0 0.0 0.0 0.0
south_plane	1 0.0 -4.0 0.0 4.0 false 0.0 0.0 0.0 0.0
left_plane	1 -4.0 0.0 0.0 4.0 false 0.0 0.0 0.0 0.0
right_plane	1 4.0 0.0 0.0 4.0 false 0.0 0.0 0.0 0.0